[gd_scene format=3 uid="uid://bw6fcr85bqdej"]

[sub_resource type="PlaneMesh" id="PlaneMesh_kb7ou"]

[sub_resource type="SphereMesh" id="SphereMesh_q7fhg"]

[node name="Lights" type="Node3D" unique_id=752603890]

[node name="floor" type="MeshInstance3D" parent="." unique_id=1531049070]
mesh = SubResource("PlaneMesh_kb7ou")

[node name="object" type="MeshInstance3D" parent="." unique_id=236310635]
transform = Transform3D(0.39999998, 0, 0, 0, 0.39999998, 0, 0, 0, 0.39999998, 0, 0.17896023, 0)
mesh = SubResource("SphereMesh_q7fhg")

[node name="DirectionalLight3D" type="DirectionalLight3D" parent="." unique_id=154406856]
transform = Transform3D(0.7172336, -0.31905562, -0.6194994, 0.65293163, 0.61827093, 0.4375173, 0.24342613, -0.71829283, 0.65176624, 0, 1.0903252, 0)
light_color = Color(1, 0.41568628, 0.6509804, 1)
shadow_enabled = true

[node name="OmniLight3D" type="OmniLight3D" parent="." unique_id=768286535]
transform = Transform3D(0.7172336, -0.31905562, -0.61949944, 0.65293163, 0.61827093, 0.4375173, 0.24342613, -0.71829283, 0.6517662, 0.6034583, 0.6879511, 0.3722248)
light_color = Color(0.53333336, 1, 0.54901963, 1)
light_energy = 3.218
shadow_enabled = true

[node name="SpotLight3D" type="SpotLight3D" parent="." unique_id=1586446405]
transform = Transform3D(1, 0, 0, 0, 0.6875819, 0.7261068, 0, -0.7261068, 0.6875819, 0, 1.0188463, 0.48055428)
light_color = Color(0.5176471, 0.18039216, 1, 1)
light_energy = 4.01
shadow_enabled = true
spot_range = 1.761661
spot_angle = 58.16406
